полученная матрица из элементов 6 на 6
[0.0, -4.0, 1.0, 6.0, -2.0, 6.0]
[-6.0, 4.0, 4.0, 6.0, -3.0, 1.0]
[5.0, 0.0, 0.0, 5.0, 6.0, 0.0]
[-6.0, -6.0, -1.0, -6.0, -4.0, -1.0]
[-1.0, 0.0, -5.0, 2.0, 0.0, 6.0]
[3.0, -3.0, 6.0, -2.0, 4.0, -4.0]

поворот матрицы на 90 градусов против часовой стрелки
[6.0, 1.0, 0.0, -1.0, 6.0, -4.0]
[-2.0, -3.0, 6.0, -4.0, 0.0, 4.0]
[6.0, 6.0, 5.0, -6.0, 2.0, -2.0]
[1.0, 4.0, 0.0, -1.0, -5.0, 6.0]
[-4.0, 4.0, 0.0, -6.0, 0.0, -3.0]
[0.0, -6.0, 5.0, -6.0, -1.0, 3.0]

поворот матрицы на 180 градусов против часовой стрелки
[3.0, -1.0, -6.0, 5.0, -6.0, 0.0]
[-3.0, 0.0, -6.0, 0.0, 4.0, -4.0]
[6.0, -5.0, -1.0, 0.0, 4.0, 1.0]
[-2.0, 2.0, -6.0, 5.0, 6.0, 6.0]
[4.0, 0.0, -4.0, 6.0, -3.0, -2.0]
[-4.0, 6.0, -1.0, 0.0, 1.0, 6.0]

поворот матрицы на 270 градусов против часовой стрелки
[-4.0, 4.0, -2.0, 6.0, -3.0, 3.0]
[6.0, 0.0, 2.0, -5.0, 0.0, -1.0]
[-1.0, -4.0, -6.0, -1.0, -6.0, -6.0]
[0.0, 6.0, 5.0, 0.0, 0.0, 5.0]
[1.0, -3.0, 6.0, 4.0, 4.0, -6.0]
[6.0, -2.0, 6.0, 1.0, -4.0, 0.0]

деление элементов матрицы на сумму соседних
[-0.4, -0.66, -0.16, -0.6, -0.33, -0.75]
[-1.2, 0.0, -0.15, -0.71, -0.0, 0.34]
[-0.5, 4.0, -3.0, 0.06, 0.86, 3.0]
[0.0, -3.0, 0.84, 0.0, 0.0, -0.41]
[0.34, -0.27, 0.5, 0.37, -0.66, -0.66]
[-6.0, -0.22, 1.2, 0.17, -0.8, -0.0]

